54 0 AP890117-0119 0
54 0 AP890118-0061 0
54 0 AP890126-0207 0
54 0 AP890205-0032 0
54 0 AP890212-0042 0
54 0 AP890214-0100 1
54 0 AP890214-0145 0
54 0 AP890215-0048 0
54 0 AP890216-0090 0
54 0 AP890217-0114 0
54 0 AP890311-0082 0
54 0 AP890313-0024 1
54 0 AP890313-0078 0
54 0 AP890314-0036 0
54 0 AP890325-0018 0
54 0 AP890401-0127 0
54 0 AP890511-0054 0
54 0 AP890520-0118 0
54 0 AP890525-0037 0
54 0 AP890526-0048 0
54 0 AP890610-0088 0
54 0 AP890610-0113 0
54 0 AP890614-0101 0
54 0 AP890615-0012 1
54 0 AP890808-0040 0
54 0 AP890808-0139 0
54 0 AP890809-0033 1
54 0 AP890809-0040 0
54 0 AP890810-0106 1
54 0 AP890810-0146 1
54 0 AP890813-0008 0
54 0 AP890817-0091 0
54 0 AP890818-0039 0
54 0 AP890825-0103 1
54 0 AP890828-0029 1
54 0 AP890829-0166 1
54 0 AP890904-0030 1
54 0 AP890904-0074 0
54 0 AP890923-0085 0
54 0 AP890925-0116 1
54 0 AP891021-0138 0
54 0 AP891107-0123 0
54 0 AP891114-0172 1
54 0 AP891117-0225 0
54 0 AP891123-0014 0
54 0 AP891209-0012 1
54 0 AP891209-0119 0
54 0 AP891211-0100 1
54 0 AP891212-0026 0
54 0 AP891213-0130 0
56 0 AP890106-0247 1
56 0 AP890207-0229 1
56 0 AP890207-0268 1
56 0 AP890208-0257 1
56 0 AP890210-0288 1
56 0 AP890211-0170 1
56 0 AP890211-0171 1
56 0 AP890211-0174 1
56 0 AP890220-0077 1
56 0 AP890221-0278 1
56 0 AP890223-0302 1
56 0 AP890224-0101 1
56 0 AP890224-0243 1
56 0 AP890224-0245 1
56 0 AP890224-0263 1
56 0 AP890224-0273 1
56 0 AP890225-0159 0
56 0 AP890225-0161 1
56 0 AP890226-0019 1
56 0 AP890227-0118 0
56 0 AP890228-0206 0
56 0 AP890303-0162 1
56 0 AP890328-0005 1
56 0 AP890524-0288 1
56 0 AP890605-0155 1
56 0 AP890606-0118 1
56 0 AP890607-0230 1
56 0 AP890704-0076 1
56 0 AP890705-0010 1
56 0 AP890707-0242 1
56 0 AP890708-0009 1
56 0 AP890710-0258 1
56 0 AP890711-0231 1
56 0 AP890712-0245 1
56 0 AP890720-0261 1
56 0 AP890729-0153 1
56 0 AP890731-0233 1
56 0 AP890801-0224 1
56 0 AP890814-0117 1
56 0 AP890815-0225 1
56 0 AP891003-0017 1
56 0 AP891108-0068 1
56 0 AP891109-0264 1
56 0 AP891109-0284 1
56 0 AP891114-0013 1
56 0 AP891125-0143 1
56 0 AP891129-0255 1
56 0 AP891217-0021 1
56 0 AP891218-0016 1
56 0 AP891227-0194 1
57 0 AP890103-0161 0
57 0 AP890126-0252 0
57 0 AP890126-0273 0
57 0 AP890201-0271 0
57 0 AP890201-0272 1
57 0 AP890201-0273 0
57 0 AP890201-0277 0
57 0 AP890201-0284 0
57 0 AP890214-0046 0
57 0 AP890214-0242 0
57 0 AP890216-0018 0
57 0 AP890217-0022 0
57 0 AP890310-0267 0
57 0 AP890316-0242 0
57 0 AP890330-0250 1
57 0 AP890401-0007 0
57 0 AP890413-0254 0
57 0 AP890418-0316 0
57 0 AP890422-0011 0
57 0 AP890428-0213 0
57 0 AP890517-0274 0
57 0 AP890527-0029 0
57 0 AP890606-0193 0
57 0 AP890613-0246 0
57 0 AP890616-0095 0
57 0 AP890630-0132 0
57 0 AP890706-0274 0
57 0 AP890718-0121 0
57 0 AP890718-0230 0
57 0 AP890718-0260 1
57 0 AP890719-0011 0
57 0 AP890720-0250 0
57 0 AP890728-0225 0
57 0 AP890728-0297 0
57 0 AP890802-0247 0
57 0 AP890807-0170 0
57 0 AP890808-0019 0
57 0 AP891009-0062 0
57 0 AP891011-0027 0
57 0 AP891017-0249 1
57 0 AP891019-0089 0
57 0 AP891026-0274 0
57 0 AP891027-0042 0
57 0 AP891027-0246 0
57 0 AP891110-0234 0
57 0 AP891129-0281 0
57 0 AP891212-0204 0
57 0 AP891219-0111 0
57 0 AP891220-0025 0
57 0 AP891220-0245 0
58 0 AP890303-0148 0
58 0 AP890304-0022 0
58 0 AP890304-0049 0
58 0 AP890304-0154 0
58 0 AP890305-0078 0
58 0 AP890306-0131 0
58 0 AP890306-0253 1
58 0 AP890307-0215 0
58 0 AP890307-0251 0
58 0 AP890308-0160 0
58 0 AP890308-0263 0
58 0 AP890308-0270 0
58 0 AP890308-0296 0
58 0 AP890310-0273 0
58 0 AP890314-0184 0
58 0 AP890315-0279 1
58 0 AP890322-0327 0
58 0 AP890329-0218 0
58 0 AP890407-0056 0
58 0 AP890620-0180 1
58 0 AP890621-0061 0
58 0 AP890621-0158 1
58 0 AP890628-0049 1
58 0 AP890628-0255 0
58 0 AP890704-0085 0
58 0 AP890705-0051 1
58 0 AP890705-0137 1
58 0 AP890710-0178 0
58 0 AP890710-0250 1
58 0 AP890711-0047 1
58 0 AP890711-0262 1
58 0 AP890712-0056 1
58 0 AP890712-0212 1
58 0 AP890717-0208 1
58 0 AP890717-0232 1
58 0 AP890718-0132 1
58 0 AP890718-0250 1
58 0 AP890726-0152 1
58 0 AP890727-0201 1
58 0 AP890817-0129 1
58 0 AP890914-0102 1
58 0 AP890914-0184 0
58 0 AP891002-0191 0
58 0 AP891003-0112 0
58 0 AP891005-0067 0
58 0 AP891005-0187 0
58 0 AP891008-0046 0
58 0 AP891009-0037 0
58 0 AP891010-0168 0
58 0 AP891011-0069 1
59 0 AP890106-0085 1
59 0 AP890107-0151 0
59 0 AP890111-0046 1
59 0 AP890131-0227 1
59 0 AP890201-0124 1
59 0 AP890202-0003 1
59 0 AP890202-0064 0
59 0 AP890202-0092 1
59 0 AP890203-0002 1
59 0 AP890203-0082 1
59 0 AP890204-0001 0
59 0 AP890204-0044 1
59 0 AP890206-0179 1
59 0 AP890207-0083 1
59 0 AP890218-0054 0
59 0 AP890221-0093 1
59 0 AP890221-0105 0
59 0 AP890221-0226 1
59 0 AP890223-0104 0
59 0 AP890224-0191 1
59 0 AP890227-0016 1
59 0 AP890302-0079 0
59 0 AP890302-0219 0
59 0 AP890303-0126 0
59 0 AP890304-0123 0
59 0 AP890305-0050 1
59 0 AP890306-0046 1
59 0 AP890306-0074 1
59 0 AP890306-0184 1
59 0 AP890308-0202 0
59 0 AP890315-0143 1
59 0 AP890427-0005 0
59 0 AP890517-0109 1
59 0 AP890525-0187 0
59 0 AP890615-0065 1
59 0 AP890627-0054 1
59 0 AP890627-0080 0
59 0 AP890628-0205 1
59 0 AP891115-0199 1
59 0 AP891116-0035 1
59 0 AP891116-0184 1
59 0 AP891128-0070 0
59 0 AP891204-0079 1
59 0 AP891208-0102 1
59 0 AP891216-0157 0
59 0 AP891218-0067 1
59 0 AP891218-0176 1
59 0 AP891219-0082 1
59 0 AP891219-0142 1
59 0 AP891225-0014 1
60 0 AP890106-0096 1
60 0 AP890106-0253 1
60 0 AP890111-0089 0
60 0 AP890124-0020 0
60 0 AP890125-0328 0
60 0 AP890129-0059 1
60 0 AP890130-0007 1
60 0 AP890130-0012 1
60 0 AP890130-0114 1
60 0 AP890201-0095 1
60 0 AP890201-0112 1
60 0 AP890204-0082 1
60 0 AP890204-0083 0
60 0 AP890207-0141 1
60 0 AP890208-0127 1
60 0 AP890217-0142 0
60 0 AP890221-0151 0
60 0 AP890313-0009 1
60 0 AP890320-0235 0
60 0 AP890329-0086 0
60 0 AP890403-0034 0
60 0 AP890406-0032 0
60 0 AP890411-0123 0
60 0 AP890412-0128 0
60 0 AP890412-0198 0
60 0 AP890423-0027 0
60 0 AP890428-0013 1
60 0 AP890503-0030 1
60 0 AP890503-0141 1
60 0 AP890601-0163 0
60 0 AP890602-0016 0
60 0 AP890620-0054 0
60 0 AP890629-0156 0
60 0 AP890629-0240 0
60 0 AP890704-0012 0
60 0 AP890707-0064 0
60 0 AP890707-0116 1
60 0 AP890708-0008 1
60 0 AP890710-0136 0
60 0 AP890713-0103 1
60 0 AP890727-0002 0
60 0 AP890728-0102 0
60 0 AP890730-0010 0
60 0 AP890831-0025 1
60 0 AP890906-0111 0
60 0 AP890917-0044 0
60 0 AP891002-0154 0
60 0 AP891018-0176 0
60 0 AP891030-0253 0
60 0 AP891118-0087 1
61 0 AP890105-0164 1
61 0 AP890106-0009 0
61 0 AP890106-0010 0
61 0 AP890110-0023 0
61 0 AP890125-0124 1
61 0 AP890126-0018 0
61 0 AP890130-0084 0
61 0 AP890130-0118 0
61 0 AP890203-0211 0
61 0 AP890203-0212 0
61 0 AP890221-0114 0
61 0 AP890303-0123 0
61 0 AP890328-0075 1
61 0 AP890329-0168 1
61 0 AP890406-0194 0
61 0 AP890407-0008 0
61 0 AP890407-0012 0
61 0 AP890407-0156 0
61 0 AP890408-0099 1
61 0 AP890412-0175 0
61 0 AP890413-0132 1
61 0 AP890419-0142 1
61 0 AP890504-0150 0
61 0 AP890504-0157 1
61 0 AP890504-0166 0
61 0 AP890504-0204 0
61 0 AP890505-0012 0
61 0 AP890505-0013 0
61 0 AP890505-0181 0
61 0 AP890506-0012 0
61 0 AP890507-0066 0
61 0 AP890511-0130 0
61 0 AP890522-0104 0
61 0 AP890531-0147 0
61 0 AP890605-0080 0
61 0 AP890616-0146 0
61 0 AP890617-0017 0
61 0 AP890625-0040 0
61 0 AP890626-0030 0
61 0 AP890706-0030 0
61 0 AP890706-0149 0
61 0 AP891025-0038 0
61 0 AP891108-0137 0
61 0 AP891109-0025 1
61 0 AP891117-0007 0
61 0 AP891117-0082 0
61 0 AP891121-0075 0
61 0 AP891121-0140 0
61 0 AP891124-0162 0
61 0 AP891213-0158 0
62 0 AP890308-0001 1
62 0 AP890309-0029 0
62 0 AP890416-0002 0
62 0 AP890630-0089 1
62 0 AP890901-0142 0
62 0 AP891003-0163 1
62 0 AP891003-0197 1
62 0 AP891004-0108 0
62 0 AP891004-0124 1
62 0 AP891004-0217 1
62 0 AP891005-0004 0
62 0 AP891005-0008 1
62 0 AP891005-0073 1
62 0 AP891005-0105 1
62 0 AP891005-0192 1
62 0 AP891005-0206 1
62 0 AP891006-0028 0
62 0 AP891006-0109 1
62 0 AP891006-0126 1
62 0 AP891006-0162 1
62 0 AP891007-0002 1
62 0 AP891007-0143 1
62 0 AP891008-0035 1
62 0 AP891008-0041 1
62 0 AP891010-0010 1
62 0 AP891010-0112 1
62 0 AP891010-0147 1
62 0 AP891010-0171 1
62 0 AP891011-0003 1
62 0 AP891011-0004 1
62 0 AP891012-0001 1
62 0 AP891012-0020 1
62 0 AP891012-0046 1
62 0 AP891012-0089 1
62 0 AP891013-0052 0
62 0 AP891016-0034 1
62 0 AP891025-0047 1
62 0 AP891121-0143 1
62 0 AP891130-0156 1
62 0 AP891201-0023 1
62 0 AP891202-0059 1
62 0 AP891203-0010 1
62 0 AP891204-0156 0
62 0 AP891207-0051 1
62 0 AP891208-0001 1
62 0 AP891208-0003 1
62 0 AP891209-0061 1
62 0 AP891209-0074 1
62 0 AP891211-0031 1
62 0 AP891211-0137 1
63 0 AP890110-0292 0
63 0 AP890116-0120 0
63 0 AP890119-0279 0
63 0 AP890127-0010 0
63 0 AP890130-0090 0
63 0 AP890216-0097 0
63 0 AP890221-0033 0
63 0 AP890222-0222 0
63 0 AP890226-0017 0
63 0 AP890302-0248 0
63 0 AP890309-0215 0
63 0 AP890315-0234 0
63 0 AP890316-0232 0
63 0 AP890327-0190 0
63 0 AP890515-0040 0
63 0 AP890518-0048 0
63 0 AP890523-0010 0
63 0 AP890605-0139 0
63 0 AP890613-0203 0
63 0 AP890614-0255 0
63 0 AP890617-0075 0
63 0 AP890619-0266 0
63 0 AP890620-0111 0
63 0 AP890628-0237 0
63 0 AP890702-0014 0
63 0 AP890705-0209 0
63 0 AP890815-0202 0
63 0 AP890816-0101 0
63 0 AP890905-0178 0
63 0 AP890907-0057 0
63 0 AP890920-0224 0
63 0 AP890927-0069 0
63 0 AP891005-0254 0
63 0 AP891014-0025 0
63 0 AP891015-0072 0
63 0 AP891016-0226 1
63 0 AP891020-0244 0
63 0 AP891103-0230 0
63 0 AP891108-0250 0
63 0 AP891109-0261 0
63 0 AP891116-0153 0
63 0 AP891120-0183 0
63 0 AP891127-0145 0
63 0 AP891203-0067 0
63 0 AP891204-0019 0
63 0 AP891212-0203 0
63 0 AP891214-0244 0
63 0 AP891218-0077 0
63 0 AP891227-0146 0
63 0 AP891228-0150 0
64 0 AP890119-0178 0
64 0 AP890120-0145 0
64 0 AP890126-0074 0
64 0 AP890424-0208 0
64 0 AP890605-0049 1
64 0 AP890730-0036 1
64 0 AP890731-0053 1
64 0 AP890731-0095 1
64 0 AP890801-0006 0
64 0 AP890801-0037 1
64 0 AP890801-0097 0
64 0 AP890801-0109 1
64 0 AP890801-0110 1
64 0 AP890801-0114 1
64 0 AP890801-0167 1
64 0 AP890801-0194 1
64 0 AP890802-0041 1
64 0 AP890802-0050 0
64 0 AP890802-0056 1
64 0 AP890802-0108 1
64 0 AP890802-0171 1
64 0 AP890803-0094 0
64 0 AP890803-0125 1
64 0 AP890803-0183 0
64 0 AP890804-0007 1
64 0 AP890804-0012 1
64 0 AP890804-0017 0
64 0 AP890804-0031 1
64 0 AP890804-0076 0
64 0 AP890804-0081 1
64 0 AP890804-0106 1
64 0 AP890805-0081 1
64 0 AP890805-0095 1
64 0 AP890806-0057 1
64 0 AP890807-0044 0
64 0 AP890807-0067 0
64 0 AP890807-0093 1
64 0 AP890808-0059 1
64 0 AP890808-0113 1
64 0 AP890811-0088 1
64 0 AP890812-0082 1
64 0 AP890814-0050 1
64 0 AP890814-0126 1
64 0 AP890815-0092 1
64 0 AP890815-0122 0
64 0 AP890816-0071 1
64 0 AP890816-0144 1
64 0 AP890819-0129 1
64 0 AP890901-0048 1
64 0 AP890921-0112 1
68 0 AP890126-0141 0
68 0 AP890126-0268 0
68 0 AP890302-0038 0
68 0 AP890302-0067 0
68 0 AP890302-0143 0
68 0 AP890324-0246 1
68 0 AP890325-0005 1
68 0 AP890403-0119 0
68 0 AP890607-0111 0
68 0 AP890608-0047 0
68 0 AP890613-0204 0
68 0 AP890706-0194 1
68 0 AP890706-0253 0
68 0 AP890706-0277 0
68 0 AP890707-0029 0
68 0 AP890708-0021 0
68 0 AP890727-0187 1
68 0 AP890729-0025 0
68 0 AP890810-0206 0
68 0 AP890811-0192 0
68 0 AP890818-0035 0
68 0 AP890822-0113 1
68 0 AP890822-0233 1
68 0 AP890823-0019 1
68 0 AP890829-0210 1
68 0 AP890830-0272 0
68 0 AP890831-0026 0
68 0 AP890911-0221 0
68 0 AP890912-0228 0
68 0 AP890919-0266 0
68 0 AP890920-0228 0
68 0 AP890921-0171 0
68 0 AP890930-0010 0
68 0 AP891005-0154 0
68 0 AP891006-0165 0
68 0 AP891016-0118 0
68 0 AP891019-0251 0
68 0 AP891021-0094 0
68 0 AP891031-0182 0
68 0 AP891031-0252 0
68 0 AP891101-0008 1
68 0 AP891102-0037 0
68 0 AP891102-0224 1
68 0 AP891111-0123 0
68 0 AP891117-0016 0
68 0 AP891121-0202 0
68 0 AP891122-0072 0
68 0 AP891123-0035 0
68 0 AP891212-0078 0
68 0 AP891226-0148 1
71 0 AP890402-0002 1
71 0 AP890402-0012 1
71 0 AP890404-0037 1
71 0 AP890404-0039 1
71 0 AP890404-0099 1
71 0 AP890404-0154 1
71 0 AP890405-0147 1
71 0 AP890405-0221 1
71 0 AP890406-0179 1
71 0 AP890407-0081 0
71 0 AP890407-0229 1
71 0 AP890408-0052 1
71 0 AP890408-0061 0
71 0 AP890408-0088 0
71 0 AP890410-0056 0
71 0 AP890410-0098 1
71 0 AP890411-0044 0
71 0 AP890411-0100 1
71 0 AP890412-0084 0
71 0 AP890412-0207 1
71 0 AP890413-0169 1
71 0 AP890413-0174 0
71 0 AP890414-0077 0
71 0 AP890414-0163 0
71 0 AP890417-0162 1
71 0 AP890421-0019 0
71 0 AP890425-0200 1
71 0 AP890426-0152 0
71 0 AP890427-0175 0
71 0 AP890428-0092 0
71 0 AP890428-0134 0
71 0 AP890429-0048 0
71 0 AP890504-0147 0
71 0 AP890511-0150 0
71 0 AP890512-0161 1
71 0 AP890515-0004 1
71 0 AP890520-0111 0
71 0 AP890524-0218 0
71 0 AP890610-0080 0
71 0 AP890718-0182 1
71 0 AP890719-0057 0
71 0 AP890727-0186 0
71 0 AP891101-0103 1
71 0 AP891101-0201 1
71 0 AP891102-0085 1
71 0 AP891102-0111 1
71 0 AP891103-0071 0
71 0 AP891103-0216 0
71 0 AP891105-0038 0
71 0 AP891106-0123 0
77 0 AP890108-0031 0
77 0 AP890124-0205 1
77 0 AP890125-0071 1
77 0 AP890216-0124 0
77 0 AP890221-0231 1
77 0 AP890227-0004 1
77 0 AP890308-0040 1
77 0 AP890319-0065 0
77 0 AP890325-0057 0
77 0 AP890421-0122 0
77 0 AP890424-0225 1
77 0 AP890425-0110 0
77 0 AP890511-0033 0
77 0 AP890511-0200 0
77 0 AP890601-0206 0
77 0 AP890615-0196 0
77 0 AP890616-0138 0
77 0 AP890621-0007 0
77 0 AP890622-0101 0
77 0 AP890717-0150 0
77 0 AP890719-0038 1
77 0 AP890722-0056 0
77 0 AP890728-0169 1
77 0 AP890729-0037 1
77 0 AP890803-0189 0
77 0 AP890821-0057 0
77 0 AP890821-0086 0
77 0 AP890823-0040 0
77 0 AP890828-0198 1
77 0 AP890830-0207 0
77 0 AP890916-0075 0
77 0 AP890918-0003 0
77 0 AP890920-0139 0
77 0 AP891007-0072 1
77 0 AP891009-0023 1
77 0 AP891009-0086 1
77 0 AP891012-0165 0
77 0 AP891016-0178 0
77 0 AP891017-0079 0
77 0 AP891017-0142 0
77 0 AP891018-0050 0
77 0 AP891019-0143 0
77 0 AP891020-0194 0
77 0 AP891030-0168 0
77 0 AP891030-0238 1
77 0 AP891101-0096 1
77 0 AP891108-0188 0
77 0 AP891117-0142 0
77 0 AP891117-0203 0
77 0 AP891122-0275 0
80 0 AP890130-0195 0
80 0 AP890223-0241 0
80 0 AP890430-0085 0
80 0 AP890624-0002 0
80 0 AP890706-0190 0
80 0 AP890710-0138 0
80 0 AP890715-0107 0
80 0 AP890721-0187 0
80 0 AP890826-0122 0
80 0 AP890830-0134 1
80 0 AP890902-0147 0
80 0 AP890904-0014 0
80 0 AP890906-0206 0
80 0 AP891002-0245 0
80 0 AP891009-0175 0
80 0 AP891023-0199 0
80 0 AP891027-0217 0
80 0 AP891031-0202 0
80 0 AP891102-0194 0
80 0 AP891103-0051 0
80 0 AP891106-0167 0
80 0 AP891108-0172 0
80 0 AP891108-0193 0
80 0 AP891110-0048 0
80 0 AP891111-0108 0
80 0 AP891113-0095 0
80 0 AP891115-0001 0
80 0 AP891115-0077 0
80 0 AP891116-0088 0
80 0 AP891116-0196 0
80 0 AP891117-0039 0
80 0 AP891118-0067 0
80 0 AP891119-0048 0
80 0 AP891120-0049 0
80 0 AP891120-0101 0
80 0 AP891121-0189 0
80 0 AP891123-0104 0
80 0 AP891127-0201 0
80 0 AP891207-0188 0
80 0 AP891209-0024 0
80 0 AP891211-0224 0
80 0 AP891212-0071 0
80 0 AP891213-0143 0
80 0 AP891214-0034 0
80 0 AP891215-0122 0
80 0 AP891218-0069 0
80 0 AP891218-0095 0
80 0 AP891218-0177 0
80 0 AP891219-0053 0
80 0 AP891219-0105 0
85 0 AP890107-0129 1
85 0 AP890112-0180 1
85 0 AP890127-0128 1
85 0 AP890223-0032 1
85 0 AP890306-0106 1
85 0 AP890417-0030 1
85 0 AP890508-0065 0
85 0 AP890513-0088 0
85 0 AP890515-0059 0
85 0 AP890515-0134 0
85 0 AP890516-0072 1
85 0 AP890516-0158 1
85 0 AP890517-0182 0
85 0 AP890518-0050 1
85 0 AP890518-0152 1
85 0 AP890519-0131 1
85 0 AP890522-0129 1
85 0 AP890523-0052 1
85 0 AP890525-0042 1
85 0 AP890615-0143 1
85 0 AP890704-0112 0
85 0 AP890704-0150 0
85 0 AP890704-0151 0
85 0 AP890705-0049 1
85 0 AP890709-0024 1
85 0 AP890710-0011 1
85 0 AP890710-0012 0
85 0 AP890710-0036 1
85 0 AP890710-0119 1
85 0 AP890728-0062 1
85 0 AP890728-0172 1
85 0 AP890731-0042 0
85 0 AP890823-0084 0
85 0 AP890904-0058 0
85 0 AP890904-0081 0
85 0 AP890906-0183 1
85 0 AP890907-0064 1
85 0 AP890911-0142 0
85 0 AP890926-0036 0
85 0 AP891111-0095 1
85 0 AP891129-0163 1
85 0 AP891203-0012 1
85 0 AP891203-0045 0
85 0 AP891204-0112 1
85 0 AP891204-0155 0
85 0 AP891207-0148 0
85 0 AP891208-0002 1
85 0 AP891217-0036 1
85 0 AP891227-0054 1
85 0 AP891227-0128 1
87 0 AP890110-0167 0
87 0 AP890110-0282 1
87 0 AP890112-0026 1
87 0 AP890125-0283 0
87 0 AP890127-0270 1
87 0 AP890202-0260 1
87 0 AP890204-0174 1
87 0 AP890206-0007 1
87 0 AP890207-0028 1
87 0 AP890207-0029 0
87 0 AP890207-0049 0
87 0 AP890207-0270 1
87 0 AP890208-0044 1
87 0 AP890210-0033 1
87 0 AP890221-0165 0
87 0 AP890223-0250 1
87 0 AP890223-0252 1
87 0 AP890223-0308 1
87 0 AP890224-0019 1
87 0 AP890309-0013 1
87 0 AP890322-0333 1
87 0 AP890323-0017 1
87 0 AP890323-0148 1
87 0 AP890406-0268 1
87 0 AP890411-0152 0
87 0 AP890411-0216 1
87 0 AP890412-0197 1
87 0 AP890413-0266 1
87 0 AP890413-0301 1
87 0 AP890414-0033 1
87 0 AP890419-0190 1
87 0 AP890426-0115 1
87 0 AP890426-0295 0
87 0 AP890428-0017 1
87 0 AP890503-0315 1
87 0 AP890518-0172 1
87 0 AP890616-0041 0
87 0 AP890627-0252 1
87 0 AP890718-0251 1
87 0 AP890805-0036 1
87 0 AP890807-0010 1
87 0 AP890808-0009 1
87 0 AP890809-0263 0
87 0 AP890809-0294 1
87 0 AP890811-0013 0
87 0 AP890906-0170 1
87 0 AP890922-0026 1
87 0 AP891017-0241 1
87 0 AP891209-0008 1
87 0 AP891219-0197 1
89 0 AP890126-0183 0
89 0 AP890127-0260 0
89 0 AP890208-0260 0
89 0 AP890221-0263 0
89 0 AP890222-0232 0
89 0 AP890306-0272 1
89 0 AP890327-0225 1
89 0 AP890330-0229 0
89 0 AP890330-0258 1
89 0 AP890419-0241 0
89 0 AP890524-0305 0
89 0 AP890601-0385 1
89 0 AP890602-0069 0
89 0 AP890602-0282 0
89 0 AP890603-0044 0
89 0 AP890604-0048 0
89 0 AP890605-0052 1
89 0 AP890606-0199 1
89 0 AP890607-0224 0
89 0 AP890607-0235 0
89 0 AP890607-0249 0
89 0 AP890608-0250 1
89 0 AP890608-0260 1
89 0 AP890609-0262 1
89 0 AP890706-0230 1
89 0 AP890803-0291 1
89 0 AP890905-0221 1
89 0 AP890921-0263 0
89 0 AP890922-0287 0
89 0 AP890923-0049 1
89 0 AP890925-0252 0
89 0 AP890926-0259 0
89 0 AP890926-0286 1
89 0 AP890927-0250 0
89 0 AP890927-0281 0
89 0 AP890928-0276 0
89 0 AP891005-0248 1
89 0 AP891103-0267 1
89 0 AP891120-0201 0
89 0 AP891121-0222 1
89 0 AP891122-0298 0
89 0 AP891123-0165 1
89 0 AP891124-0208 0
89 0 AP891125-0114 1
89 0 AP891126-0083 0
89 0 AP891127-0242 1
89 0 AP891127-0244 1
89 0 AP891127-0259 0
89 0 AP891128-0194 1
89 0 AP891129-0256 1
91 0 AP890109-0095 1
91 0 AP890109-0172 1
91 0 AP890110-0111 1
91 0 AP890113-0040 0
91 0 AP890201-0183 0
91 0 AP890210-0200 1
91 0 AP890301-0196 1
91 0 AP890301-0255 0
91 0 AP890304-0116 0
91 0 AP890314-0145 1
91 0 AP890329-0139 1
91 0 AP890401-0070 1
91 0 AP890413-0091 1
91 0 AP890422-0094 0
91 0 AP890424-0028 1
91 0 AP890425-0086 0
91 0 AP890426-0025 0
91 0 AP890503-0007 0
91 0 AP890503-0165 0
91 0 AP890508-0218 0
91 0 AP890509-0108 1
91 0 AP890512-0081 0
91 0 AP890517-0016 1
91 0 AP890521-0032 0
91 0 AP890528-0042 0
91 0 AP890607-0026 0
91 0 AP890607-0112 1
91 0 AP890617-0066 0
91 0 AP890701-0019 1
91 0 AP890703-0190 1
91 0 AP890706-0133 0
91 0 AP890711-0107 0
91 0 AP890711-0149 0
91 0 AP890717-0130 1
91 0 AP890719-0086 0
91 0 AP890817-0021 1
91 0 AP890819-0085 1
91 0 AP890820-0018 0
91 0 AP890823-0116 1
91 0 AP890920-0043 0
91 0 AP890923-0066 0
91 0 AP890927-0136 1
91 0 AP891026-0119 0
91 0 AP891101-0039 0
91 0 AP891112-0035 0
91 0 AP891124-0007 0
91 0 AP891128-0095 1
91 0 AP891130-0202 0
91 0 AP891205-0031 1
91 0 AP891213-0198 1
93 0 AP890118-0015 0
93 0 AP890121-0124 1
93 0 AP890122-0043 0
93 0 AP890125-0211 0
93 0 AP890126-0079 0
93 0 AP890127-0140 1
93 0 AP890128-0057 1
93 0 AP890205-0085 0
93 0 AP890207-0177 0
93 0 AP890208-0086 0
93 0 AP890210-0226 0
93 0 AP890211-0020 1
93 0 AP890213-0017 1
93 0 AP890214-0163 1
93 0 AP890215-0152 0
93 0 AP890215-0172 1
93 0 AP890216-0174 1
93 0 AP890221-0200 1
93 0 AP890228-0100 0
93 0 AP890301-0235 1
93 0 AP890306-0007 1
93 0 AP890314-0051 0
93 0 AP890314-0208 0
93 0 AP890315-0081 0
93 0 AP890315-0152 1
93 0 AP890315-0230 1
93 0 AP890316-0023 1
93 0 AP890317-0044 0
93 0 AP890317-0082 0
93 0 AP890318-0003 1
93 0 AP890323-0001 1
93 0 AP890327-0004 1
93 0 AP890328-0010 1
93 0 AP890405-0292 1
93 0 AP890406-0071 1
93 0 AP890411-0085 0
93 0 AP890412-0109 1
93 0 AP890427-0117 0
93 0 AP890427-0216 1
93 0 AP890516-0063 1
93 0 AP890519-0067 1
93 0 AP890524-0041 1
93 0 AP890525-0050 1
93 0 AP890619-0034 0
93 0 AP890707-0125 1
93 0 AP890707-0162 1
93 0 AP890914-0210 0
93 0 AP890915-0036 0
93 0 AP890915-0198 0
93 0 AP891209-0104 0
94 0 AP890103-0161 1
94 0 AP890103-0216 1
94 0 AP890113-0274 1
94 0 AP890116-0118 0
94 0 AP890123-0235 0
94 0 AP890123-0236 1
94 0 AP890124-0257 1
94 0 AP890208-0065 1
94 0 AP890212-0033 0
94 0 AP890221-0306 0
94 0 AP890227-0236 0
94 0 AP890306-0006 0
94 0 AP890327-0190 0
94 0 AP890403-0066 0
94 0 AP890407-0240 0
94 0 AP890410-0107 1
94 0 AP890511-0195 1
94 0 AP890520-0024 1
94 0 AP890522-0328 0
94 0 AP890614-0024 0
94 0 AP890614-0060 0
94 0 AP890620-0257 0
94 0 AP890706-0263 0
94 0 AP890710-0232 0
94 0 AP890714-0258 0
94 0 AP890726-0309 1
94 0 AP890902-0093 0
94 0 AP890919-0211 1
94 0 AP890919-0224 0
94 0 AP890919-0239 0
94 0 AP891012-0327 1
94 0 AP891013-0064 1
94 0 AP891013-0107 0
94 0 AP891014-0055 1
94 0 AP891016-0232 0
94 0 AP891024-0240 0
94 0 AP891103-0230 0
94 0 AP891108-0153 0
94 0 AP891109-0041 0
94 0 AP891113-0008 1
94 0 AP891126-0021 1
94 0 AP891127-0026 0
94 0 AP891212-0203 0
94 0 AP891212-0261 1
94 0 AP891213-0112 0
94 0 AP891213-0275 1
94 0 AP891214-0060 1
94 0 AP891214-0208 1
94 0 AP891214-0226 1
94 0 AP891218-0178 1
95 0 AP890103-0030 0
95 0 AP890116-0120 0
95 0 AP890123-0235 0
95 0 AP890123-0236 0
95 0 AP890217-0059 0
95 0 AP890218-0073 0
95 0 AP890308-0130 0
95 0 AP890323-0019 0
95 0 AP890327-0018 0
95 0 AP890401-0113 0
95 0 AP890427-0111 0
95 0 AP890518-0139 0
95 0 AP890520-0024 0
95 0 AP890605-0120 0
95 0 AP890613-0004 0
95 0 AP890614-0060 0
95 0 AP890627-0038 0
95 0 AP890707-0052 0
95 0 AP890720-0116 0
95 0 AP890726-0309 0
95 0 AP890803-0205 0
95 0 AP890805-0012 0
95 0 AP890902-0093 0
95 0 AP890913-0257 0
95 0 AP890915-0108 0
95 0 AP890916-0009 0
95 0 AP890919-0211 0
95 0 AP890919-0224 0
95 0 AP891003-0162 0
95 0 AP891004-0248 0
95 0 AP891006-0260 0
95 0 AP891012-0327 0
95 0 AP891013-0064 0
95 0 AP891014-0055 0
95 0 AP891029-0067 0
95 0 AP891101-0099 0
95 0 AP891107-0012 1
95 0 AP891108-0153 0
95 0 AP891113-0008 0
95 0 AP891116-0213 0
95 0 AP891126-0021 0
95 0 AP891205-0080 0
95 0 AP891212-0203 0
95 0 AP891212-0261 0
95 0 AP891213-0112 0
95 0 AP891213-0275 0
95 0 AP891214-0060 0
95 0 AP891214-0208 0
95 0 AP891214-0226 0
95 0 AP891218-0178 0
97 0 AP890110-0294 1
97 0 AP890121-0161 0
97 0 AP890126-0273 1
97 0 AP890202-0209 1
97 0 AP890203-0036 0
97 0 AP890206-0255 1
97 0 AP890207-0266 1
97 0 AP890214-0046 1
97 0 AP890214-0242 1
97 0 AP890216-0300 0
97 0 AP890219-0079 1
97 0 AP890227-0326 1
97 0 AP890301-0266 1
97 0 AP890306-0117 0
97 0 AP890306-0234 0
97 0 AP890310-0017 0
97 0 AP890310-0267 0
97 0 AP890313-0199 0
97 0 AP890325-0055 1
97 0 AP890403-0007 0
97 0 AP890413-0005 1
97 0 AP890414-0016 1
97 0 AP890418-0280 1
97 0 AP890426-0195 1
97 0 AP890427-0047 0
97 0 AP890502-0184 0
97 0 AP890502-0236 1
97 0 AP890503-0031 0
97 0 AP890523-0141 1
97 0 AP890527-0029 0
97 0 AP890531-0279 0
97 0 AP890614-0252 1
97 0 AP890616-0210 0
97 0 AP890619-0262 1
97 0 AP890718-0260 0
97 0 AP890801-0162 0
97 0 AP890907-0113 0
97 0 AP890910-0087 1
97 0 AP891005-0234 0
97 0 AP891009-0062 1
97 0 AP891011-0246 0
97 0 AP891012-0266 0
97 0 AP891019-0089 0
97 0 AP891102-0273 1
97 0 AP891109-0092 0
97 0 AP891115-0174 0
97 0 AP891207-0134 1
97 0 AP891208-0234 1
97 0 AP891208-0235 0
97 0 AP891208-0237 1
98 0 AP890110-0294 1
98 0 AP890121-0161 0
98 0 AP890126-0273 0
98 0 AP890202-0209 0
98 0 AP890203-0036 0
98 0 AP890206-0255 0
98 0 AP890207-0266 0
98 0 AP890214-0046 0
98 0 AP890214-0242 0
98 0 AP890216-0300 0
98 0 AP890219-0079 0
98 0 AP890220-0115 1
98 0 AP890227-0326 1
98 0 AP890301-0266 0
98 0 AP890306-0117 0
98 0 AP890306-0234 0
98 0 AP890310-0017 0
98 0 AP890310-0267 0
98 0 AP890325-0055 0
98 0 AP890403-0007 0
98 0 AP890403-0119 0
98 0 AP890413-0005 1
98 0 AP890414-0016 0
98 0 AP890418-0280 0
98 0 AP890426-0195 1
98 0 AP890427-0047 0
98 0 AP890502-0184 0
98 0 AP890502-0236 0
98 0 AP890503-0031 0
98 0 AP890523-0141 0
98 0 AP890527-0029 1
98 0 AP890531-0279 0
98 0 AP890614-0252 1
98 0 AP890619-0262 1
98 0 AP890718-0260 0
98 0 AP890801-0162 0
98 0 AP890810-0206 0
98 0 AP890811-0192 0
98 0 AP890927-0266 0
98 0 AP891005-0234 0
98 0 AP891009-0062 1
98 0 AP891011-0246 0
98 0 AP891012-0266 0
98 0 AP891016-0223 0
98 0 AP891019-0089 0
98 0 AP891102-0273 0
98 0 AP891115-0174 1
98 0 AP891116-0034 0
98 0 AP891208-0235 0
98 0 AP891208-0237 1
99 0 AP890105-0137 1
99 0 AP890105-0204 1
99 0 AP890106-0010 0
99 0 AP890107-0079 1
99 0 AP890110-0023 0
99 0 AP890125-0124 1
99 0 AP890125-0187 1
99 0 AP890130-0084 1
99 0 AP890130-0118 1
99 0 AP890203-0212 0
99 0 AP890221-0114 1
99 0 AP890328-0075 1
99 0 AP890329-0168 1
99 0 AP890412-0175 1
99 0 AP890413-0132 1
99 0 AP890419-0142 1
99 0 AP890504-0150 0
99 0 AP890504-0157 1
99 0 AP890504-0166 0
99 0 AP890504-0204 1
99 0 AP890505-0012 0
99 0 AP890505-0013 0
99 0 AP890511-0161 1
99 0 AP890512-0041 1
99 0 AP890522-0104 1
99 0 AP890531-0147 1
99 0 AP890605-0080 1
99 0 AP890608-0082 1
99 0 AP890608-0138 1
99 0 AP890609-0132 1
99 0 AP890616-0146 1
99 0 AP890617-0017 0
99 0 AP890626-0030 1
99 0 AP890706-0030 0
99 0 AP890706-0120 1
99 0 AP890706-0149 0
99 0 AP890828-0176 1
99 0 AP890906-0166 1
99 0 AP891025-0038 1
99 0 AP891108-0137 1
99 0 AP891109-0006 0
99 0 AP891109-0025 1
99 0 AP891117-0007 1
99 0 AP891117-0082 1
99 0 AP891121-0075 1
99 0 AP891121-0140 0
99 0 AP891122-0083 1
99 0 AP891124-0162 0
99 0 AP891213-0158 1
99 0 AP891214-0015 1
100 0 AP890201-0190 1
100 0 AP890206-0181 0
100 0 AP890213-0020 1
100 0 AP890216-0158 1
100 0 AP890224-0016 1
100 0 AP890304-0085 1
100 0 AP890308-0144 1
100 0 AP890310-0145 0
100 0 AP890317-0246 1
100 0 AP890318-0106 0
100 0 AP890320-0177 1
100 0 AP890322-0290 1
100 0 AP890323-0201 1
100 0 AP890328-0227 1
100 0 AP890330-0150 0
100 0 AP890412-0131 0
100 0 AP890425-0173 0
100 0 AP890425-0311 1
100 0 AP890428-0146 0
100 0 AP890428-0151 0
100 0 AP890429-0018 1
100 0 AP890429-0067 0
100 0 AP890504-0034 1
100 0 AP890505-0170 1
100 0 AP890508-0219 1
100 0 AP890508-0220 1
100 0 AP890510-0195 1
100 0 AP890510-0264 1
100 0 AP890517-0009 1
100 0 AP890517-0112 1
100 0 AP890519-0194 1
100 0 AP890523-0166 0
100 0 AP890601-0219 1
100 0 AP890608-0017 1
100 0 AP890719-0165 1
100 0 AP890719-0301 1
100 0 AP890720-0051 1
100 0 AP890727-0154 1
100 0 AP890730-0040 0
100 0 AP890731-0252 1
100 0 AP890801-0026 1
100 0 AP890914-0026 1
100 0 AP891005-0161 1
100 0 AP891025-0281 1
100 0 AP891026-0083 1
100 0 AP891028-0126 1
100 0 AP891030-0181 1
100 0 AP891108-0016 1
100 0 AP891208-0296 1
100 0 AP891209-0009 1